effect_size
1.1004585679448171
1.5713073628789291
1.4038098019042975
1.6096065211427275
0.5762854412501406
0.2044187333940395
6.558991398871482
0.16957212508236127
0.1082590527735913
0.16506646699155889
0.28596208083233393
2.3654384504504073
2.6546159918484395
0.12120080825044557
1.9625631059246118
3.626548373595197
3.2595963970097923
1.477943804238637
2.0788139939972385
0.5976157643956741
0.7977669183880034
1.490482310441956
1.9074911321880461
0.514916144206263
0.1778778139450833
1.0064392806251068
3.0865710065513707
0.19641067449939636
1.1390576945766786
1.5391733389922018
0.4415595717141137
1.0483817139281328
0.41185455817517624
0.6800135792118215
0.8316949716613095
0.01520042259171043
0.1781629288110401
0.12280171913876325
0.08330890659356893
0.6951141606211176
0.3605376389549312
0.4133194260152944
1.3132754828783382
0.6684779593339931
1.373896465203989
1.065566924063173
0.38913752787436606
1.8535270183351589
0.6039922080677776
0.04555840391096207
0.4805422172574111
2.4283570672749692
0.4525966755372492
1.7548828706645354
1.471440935285444
0.23613337236281912
0.5517133241500897
0.5070911638140569
0.30090533906547534
0.8668393183026244
6.31140065344193
0.23393669869825304
3.136530411152284
0.19387653846073988
0.00803907653373711
0.10532753418107606
0.7497870600295218
0.198404564184096
1.4174129617593234
1.5509615738370177
0.13287239115856572
2.3014545495061816
0.4996471774394745
0.1011226436434857
0.30613941411981593
0.6349297997067543
0.03200545746123419
1.586852430597113
1.8812871634223984
0.15001653162194437
0.9012586685990925
0.9711261169524026
1.276125706251379
1.592299628147087
0.14649463229305945
1.9382037803645324
0.26609311309504485
0.0027482320350638
2.132624201554424
1.1815620157738567
1.5371651374202553
0.044008885120332325
2.0838283293294433
0.5719333000043316
2.638393414654784
0.48756573336936937
0.38593670226284926
1.0844339407650265
1.420804623737904
1.8986605273746284
0.108688581108457
3.8851313359725608
0.11958406343209609
9.52729397327817e-05
1.6840291746079594
0.663985333743467
1.2946774297023138
4.834998582095342
1.3541193657123618
2.0586920663552117
0.575055312146248
0.6527872254773464
1.9903451903865264
0.36531389682397025
0.0046728590869114794
1.378453700806022
2.1139587258149994
0.06627309503561345
0.5370361700948363
1.2184952655619392
3.178113061240098
0.8673194538911524
2.036521128294318
0.12834264102633433
0.11752278837840158
0.02600216013689379
0.25182809850598437
0.2896988128225725
3.100442611485722
0.23035973395811596
0.6034884220652382
1.2653344962688733
2.135468572181656
0.06404679860640203
1.0245234033574335
0.5405806557827753
0.8215158811711997
1.8471541103752251
0.3634394439665363
0.290183421154254
0.48141221936692064
0.47619487187267034
0.8916812356955452
0.06918922386643102
0.1763258402211559
0.2993371311586729
0.39729717321643515
3.2023923562013525
3.0873895893132586
0.2242708747348073
0.07344809908788917
0.4642047101641024
0.1664047777917335
0.3495073754072599
0.8318063833271572
0.7126036029668651
0.35926215361833
0.023322765476890998
0.49055587462399014
0.9928771521515977
0.24625195418950777
0.2493687891004053
0.02437986070915034
0.11964414488379359
1.2702239443707175
0.9916527935734264
0.2639257040873728
0.17883922581995848
0.34919258688230315
1.7160059753291619
2.2180162633931166
1.289356765590329
0.13655013609777714
1.3700833247132356
0.7284580486857272
0.2838464653508214
2.322562589801037
0.05998644583689226
2.2855840494275697
2.808832068909786
0.31678884613926045
0.445501957227944
0.12217396852525463
0.3318932188329629
1.4641059188661183
0.47429266924962593
1.4837512324420534
0.12088815609706893
1.4459473902481537
0.5103918410204502
2.201612824851468
1.2330626083703937
2.525999849412696
2.4526650362012443
0.46054807238811196
0.16724312617036372
1.9092096766397977
0.031836185853362384
0.31815829020540926
1.907849416498178
0.10610756579672503
2.1915697483968746
0.6019701523972185
0.38114366430818913
2.700914854563155
1.0901953371749655
0.23635384926793654
1.5995314863148276
0.13475243941785686
0.9512195831000367
0.3359417898866012
0.17482566964810808
1.8249175593792324
0.3625640699600317
0.968327647071439
0.5110733038258695
1.4567958751946608
3.987417498436297
0.8778476582527751
1.3576241943149499
0.25900951886703055
0.23500033477908452
0.1426344722084599
0.30643079008651214
2.1918349751765893
1.4485649944353909
1.3516308277352618
3.3576315873818605
0.35597007930618874
1.3869943310774484
1.568516315435537
0.5856311253789692
2.1093436245111046
0.7530790215494935
0.39398731325965886
0.06739250159330805
2.140635773617913
0.2022801946289108
0.37688170701276974
1.9086095625902246
0.21397688934726694
1.5781676905127455
0.21144847855462837
0.2385029701949757
0.883208326915529
1.5708435058959693
0.2157165233677217
0.7512193186476241
0.40618177773386405
0.611675703948091
0.3662194276335983
0.07689801651520554
0.8569663914678347
0.10185235639114273
0.8237828856164463
0.6516579834746061
0.035844024743377056
0.1571043375988904
4.979737376932378
0.2595141600745881
1.68973418452716
0.761133412085562
0.020741780839749098
0.9261767452117974
1.8465723618679462
1.2533648819081622
1.253368275821279
0.11803399680928228
0.6330523302954506
2.690811330469696
2.1560511484498743
2.3572891815220274
1.603124153179084
0.6565800782487656
0.0321246422771522
1.1839331537615578
0.8952303493201298
1.2581522676219934
2.644586486303843
0.4383947151852352
3.061546703478916
1.2608898715841843
0.5795182123850484
2.615889016511485
1.2643938359251892
0.33511257269659706
0.4497660779855706
0.02105749105189967
0.10940385201431374
1.4176236711285828
0.32241829015704193
0.4590392135112499
0.9419030462065774
0.590434419608409
1.0744590679999946
0.41392977870155356
3.41387818071045
1.871840538486391
0.7624223927367143
0.3714150492051575
0.25222142620529103
1.5440220810397234
0.15274704273587963
0.24296972853746332
1.1075161464263283
1.999934322259411
0.23545414143076332
3.8053205479352283
0.32566465145588724
0.22349884705412543
0.10145890164381481
0.2965565253585313
0.8423697493301667
0.1821764505139053
0.4805318602607189
0.8177679514358221
0.33556206156475404
0.829973276251627
1.11403170495816
1.7760654133325835
0.043723975371420434
0.968341549624797
0.5527084296344029
1.3887610389176632
1.5964143363400172
0.045495655313859
1.9878418047172421
2.168704152155687
0.5212323267358933
0.1570065471565471
1.2574659370196655
3.4847626714517173
2.5467172847285453
0.08620298852483432
0.29501052343623824
0.8304612868376231
0.6038100559871494
0.1023964302293299
0.08526730334343802
1.1401464097712553
2.428440270674653
0.9228145455183072
2.5086261065483373
3.238578305602909
1.1767312297158268
0.09815863702273696
0.5627656251363159
0.024234096719492143
0.23128411062547685
1.5910115993257035
0.8640844834523984
0.0743178504893078
0.43291605206470596
1.1235847416022742
0.7617999276739176
0.246045027240435
1.446827960444568
0.4437241614125272
0.2064874440483476
1.0884902749534018
0.8795749889682548
0.26791236705959665
0.10121165195571652
0.745276937775017
0.44020655331752473
1.0786924236782598
0.33593351847603864
0.3453854454383058
0.22686443547832744
1.922835669449599
0.7689657164275808
0.5308986258343001
0.9585581273298385
1.164369346552086
0.7336951516094579
0.03890362269257003
0.11475901293500931
1.0438842780167055
1.6981348576288284
2.153291870282556
0.46597565183701944
1.1133284741032508
0.052688872285026174
0.4018653237122446
0.36633940850721186
0.08540971566034528
0.3089006009933949
0.8673256842427777
0.2846619715844596
1.106737159315362
1.2850564197422978
2.1331849673936074
0.13808875311362162
2.1937210684844506
1.4504630772501403
0.13316251224715098
0.3390273788269268
0.78421128900359
1.5777281763290596
0.8177953686954004
0.4499883791341166
0.5021061088116963
0.9343295007314751
1.3136402615108305
3.7945235481134287
0.7932242254671698
1.4032657828103074
1.5945618978930591
0.0076248265851444
0.2522116239790837
4.390132290085769
1.0142304846085595
0.13474214712294352
1.2343762201812931
1.3525366437109718
4.235295555811758
1.2542918250691144
0.6082995504956079
2.0100355769715756
1.1873053427897575
1.2125595714169446
2.0330647165924582
0.03046045221798074
2.4026037069132733
0.198731820271325
0.30242323649714675
0.500618986787933
0.13848217770309937
0.33472503078132615
1.0439979518608464
1.0607499842053607
1.0362855228770318
1.8796601055518758
0.8112815154464879
0.4080985673703021
1.0056687879610562
1.176031356683456
1.018282450416469
0.07606088959513757
0.5483040858651781
0.8051657769231291
0.7391907979385006
1.3740160860386956
0.48643145561388457
0.7503137955917999
1.2610163094839741
1.0917389988865274
0.38504800713523535
0.0357491552600653
1.2999014709936647
2.6233352850147886
1.0640988045192894
1.5994069291567579
0.09097546558971929
1.7811740451197409
0.1423358870413065
1.545513462391002
3.688944662234396
0.3246675439708401
0.2133379480923555
1.756103672189827
0.8902868891422843
3.569704614390223
1.2026830981222099
2.054473659794081
1.694196371702463
0.33486360415881605
0.08144252070671062
3.4646371104941145
0.6784487957975626
0.8443454495682272
0.3623421608861419
1.6158941893368477
1.0045815683024664
0.896313031556862
0.7749039388542774
1.0481861031010484
0.5444010948041107
1.006368280509103
0.1428845450007642
1.5837271847193495
0.34093616548101974
0.21215690246453525
2.627093375722689
3.2642747522658495
0.36362281613131603
0.845725070012019
1.8798690463446341
0.8816005805656987
0.5981250575416827
0.5988436263780597
0.25034328382465065
0.2563117282817221
0.17366117896417282
0.7959638940207562
2.0931859646624806
0.1914124619037682
0.3626658671692355
3.040396830138311
2.509582546002356
0.033744635115255134
1.8313681255297038
3.5657213705386095
0.09881243018818153
0.3168223061344803
2.766449651958497
0.2909010859820474
0.5678588873278178
3.5418980636221145
0.27031856541109267
0.10731071654173595
3.3593190546084513
1.4957845196004629
2.603579062177252
0.4287762509714497
3.91411061835682
0.04116017832918701
1.5596392059756645
0.5758567774941631
0.6623992319725434
1.0635961672337637
0.23905077148933965
2.351319337676577
1.0763134646784152
0.44830685295362327
0.0888758787852623
0.7401410728186075
1.6279228141031952
0.2051457585069589
0.44520599884065365
1.316610483420856
1.630918328992406
1.0349797525291606
0.3581020341660689
2.0547435767110427
0.31800819577336176
2.4981266972919776
1.9646826849714945
2.8161648654997307
0.08681721073677123
1.5549323219837612
0.6732218903517867
0.2754503029294255
0.0022736744950533133
1.2798504518587308
0.7827936863146723
0.448991962814862
5.1097068029125134
1.2375208672498166
2.293667976704093
0.5006754849287509
0.15829615109401346
0.7589052771298361
0.9125832510417201
1.1442573110494312
1.6898967129850775
1.6090956374425571
1.8708580418587573
0.8733380011315123
1.157130251063085
0.3205579719726229
0.31978181185127286
0.8290717901801706
6.748623194880657
0.060807131503700464
0.1569432798431432
2.575538768446077
0.3334305178377065
0.010003632582909538
0.686174614775979
1.3245965841926968
0.36681579649191476
0.26073469956592893
0.13905350065582295
1.2984142174100703
0.6913522965061937
0.23611724591057812
0.8126697597487612
0.19002033108102098
4.146860772443003
0.14836003081124205
3.355101195127542
1.5027298731888021
0.7866760523563288
0.19130118854615047
0.6758103297480809
0.2612980391227233
1.5290666075979629
0.7936140298949358
4.235193839443067
1.3751655829476421
0.1447274676052866
0.9211082106522476
0.427584603493857
0.37336445202548624
0.41977807090177927
2.4155153296597596
0.8854678147602313
1.4731500218236255
0.0971517171486219
0.5254607116031992
0.39309165533308293
2.117535005689213
0.45939413222240233
2.0599835244279796
0.9238258378816905
0.7157559481029645
0.025671132103874315
0.04821052944535615
0.20256351703571845
0.13539851095445463
0.01846404071370412
0.2497780977144997
4.129098504944655
1.0889552545544483
2.302305704123964
1.705771516720498
0.4049691682848714
0.36745409903958803
1.1374460513555673
0.3048718291684777
0.654926573742418
0.35431067179765535
1.9213420569796364
0.6447785836602983
0.8897048445773698
0.6355100191417561
0.6129403255338226
1.2024966388947382
0.5180837273415192
2.135803360134528
1.163237074393102
0.9366055228531706
0.8118580538109171
0.050547704704710233
0.06443719693530185
0.9823194061259671
0.5706033823648049
0.9632879465661015
0.5087379426331169
1.8125034942832605
0.26396260644545716
0.3464050821091754
3.7351816648920186
0.4059000677162783
0.25417305356061837
0.8882632349781051
2.8806548066902464
0.44250016889243715
1.1418409367402391
0.4010874717894567
0.9360703727703478
0.6272169143696636
1.7346071440722315
0.6699693285559524
4.7785806179779104
0.7654255692029291
0.24530081237593956
0.6689076485773655
0.8011183533950261
0.7920777924788427
1.4835586866820214
2.4624180477517617
1.9575408501697806
0.005946146466628912
0.7220184768309408
0.1915288642216299
1.656444588210902
0.45070914117724403
0.4937571814891542
0.44393684611683787
0.8436393075140765
1.6363563375822343
0.04656827589850222
0.8818914506652877
0.8231958399477592
0.04799609237745388
1.046571873905504
1.140685463762413
0.3722211522293746
0.10184013612142905
0.8751689923876278
1.2026273029098633
0.216143967775199
0.015547313610027919
1.5486224688510426
0.32471842835133746
1.0458958511235235
1.2367576369230475
0.09088814732335983
2.0851292706054316
1.2002116079589056
0.5636271453459497
0.1590393971276772
1.983913662342632
0.6582070431052067
1.5697387946952412
0.016031458924152593
1.2373060774663234
5.588906395527375
0.3356523999603516
1.2537057170494121
1.4574000501436304
1.0440980253048529
0.6192186620513492
2.2616447826891486
1.2647566591858312
0.523869182324722
3.542154411568773
2.7732406928303943
0.34175052357879115
1.360426369879557
0.05668166539830067
3.1094617420373734
1.1995186533718696
0.9889359275783617
0.19780124533114396
0.715260906864344
0.38591143284077306
0.09555282905634029
3.1184615545790435
0.37672399180250404
1.785290892416354
2.348139743417712
1.4582733499057179
0.08986989795812453
1.5797136204046296
1.1712329828816501
0.621900840170187
0.20627273889787984
0.11438161397720277
0.2882052584254743
0.1640510118757145
4.486582856933302
1.303408271246982
2.0101264704622963
0.6353293151251038
0.29133988268356065
0.7233019637651733
2.098862863590033
0.5952515512224206
1.2892943604891463
1.7315903945965894
0.4430803805424507
0.8897910887165176
0.3144462724413707
0.2894984484974039
0.06885261058072865
1.5348579149541544
0.5984402556964367
1.4956204867849139
0.3482113299295513
0.3663436845130835
0.2361593757151475
0.44257442899242666
0.16003452897864254
0.18790422096821852
0.42233762550665493
0.634908391632475
0.6478310288427073
0.30868371679598716
0.6935793756408114
1.9804913234991022
1.0269841779303357
4.861175898407292
2.362475454832943
0.515631360677963
0.025302932430565545
0.9131104730060841
0.2565025288469948
0.1703129591909769
1.8330425836155855
0.19177016959850332
1.103344510075072
2.4424750398917134
0.01781077247988426
0.1041468635077827
0.48163181995814064
0.568609631597982
0.7377750227806463
0.3812094701840267
2.6104409925835537
0.008765513407558366
3.559577879486202
0.21339787484592754
0.4099067932901183
4.336685322616403
0.9737932524965055
3.2611934429020035
2.4393392537794765
0.7094675888744768
2.219157027554142
0.7182471364198056
0.20573427504343658
1.0232242458938159
0.0276560068312913
0.8399698085731593
0.2356685725410492
0.6148187317189711
0.34289265123258694
2.2819514953608655
1.1544738047562457
0.1807090322635832
0.4090713885757106
1.5293634825523217
1.604573079318677
0.023855164159711055
0.4851177356280494
0.7529970586543876
0.058791693081014715
2.2123811133725524
0.620688550557216
2.047198821618794
2.6688093852384767
0.5790332214045156
1.2140892931274383
1.4222963729570985
0.6474076835566267
0.03908469157845685
1.3014182510097783
0.7690497015345666
0.27862419410426503
0.212064133830878
0.09195260791861809
0.15081952035026924
0.17658465772841686
2.7448771504971368
1.4830496889019549
0.03528004154052308
1.6053962621501536
0.27951326173999963
2.4739005771638762
0.4865789493455976
0.7510081253490053
1.5676463745689737
0.29403748558990245
0.544219267713572
1.0417714809713297
0.15356971397759508
1.5677847237804587
0.4456969420011029
0.4795482132047745
1.0923643115372896
0.3084336970223023
3.0198536852411717
0.38159970970901913
0.06406963313589
0.713579435145747
0.4524714805190117
0.8313649089887545
1.211433458203117
0.0491631604384595
3.0688785007325343
1.9485306151645418
0.8299474341725169
0.7192851761281484
0.40893189886083997
0.3498770990306899
0.18094903485873814
1.0143153717349394
1.161946014995261
1.2751904622652914
0.5293783308441021
0.3412379153595207
0.6216614657716159
0.11229160968214594
2.481769890435237
0.44160892029428495
0.13261894450388845
1.2544269291308026
1.1751660416759402
0.20259549676510583
0.0245444569769975
1.0635819372527053
1.1872125657029347
0.8101063537299292
6.030478470387852
1.0602189206620614
1.2706150263665041
0.45438804304670094
0.0915937865977399
0.6345260258043189
3.314374639353143
1.0953852171463554
0.6399667967450635
0.3761989106672438
1.881431697454598
0.3246017982499789
3.6385223133107423
1.204916813068088
1.615057115005395
0.8755836038366915
0.657706632563447
1.1266904103499085
0.011886211231499242
1.38494212267456
0.3887929230299698
1.454312561299723
0.6477024962094272
1.4415524925649432
0.05666719246387243
4.172983388458674
0.62633458365112
0.28202869271516545
0.19377238181542328
0.10749096595750113
0.1163959851489337
0.1563239190649431
0.15155679004209072
0.17238683058032156
0.7269673889776176
0.6788806004353733
0.4404413358134886
0.39588744834154527
1.402398304828733
1.9207659237643118
0.20957305021061395
2.68405594392876
0.6108444375693198
0.17851075307088238
1.3477355586562505
0.6588798824530785
1.0345626239878127
0.36212668153588884
0.6700889461008999
0.023348760501181676
0.09995372899979628
0.13606289790874884
0.5100707731629209
0.473026143933422
0.08858810349117249
0.6745161306579799
1.1336412300675707
1.331531081553993
0.2300948165380844
0.32380428812710527
0.18458088705536313
0.1656919651228344
1.1022001910133767
0.8075430381920922
2.793343076444002
0.5245722767891441
0.8098798168957602
0.5053491819025061
1.2906817392112173
0.9116391337298446
0.05281226670456553
0.7635073622192636
3.779295594300865
1.660773896061342
0.05225174364979666
0.46271531566135954
0.1040255851055153
0.3216211637428732
0.2080155965178273
2.21158370137936
1.1394110658426502
1.2540826642068026
0.7308286427640955
0.5815074391345982
0.014814842085550322
1.778784461399927
1.889065203750932
0.8830927156470525
2.2427455989229492
0.17050115525958515
0.9423137929129299
0.4154896731537447
0.7148997504518061
0.08962980155921174
0.003732240940250222
0.04327018862415385
2.793349721286371
0.04760933246112127
0.9225626229559791
0.08310777569764474
1.3600313186816686
0.6984520423492974
1.6076079188012353
0.4040427906875589
0.22521992882663178
0.8531275131078779
1.3947649767902095
2.981889434688212
0.558250228336357
1.5437801911822309
0.786951687466366
0.2447553150830235
2.968943286946331
0.5178550686494754
1.0067146657559367
1.9268497657046795
0.2045698234460393
0.5401771419333136
2.589182310741106
0.4639087067381547
1.165267952118489
0.7765514170481427
0.03678323351315965
0.3814863900261913
